    24     8    17    19    18    22    21     5    15     1     6    14     7    20    12    25    27    13     3    10     9    16    23     2     4    26    11     0
     0      0      0      0      0      0      0      0      0      0      0      0      0      0      0      0      0      0      0      0      0      0      0      0      0      0   3796      0 
     0      0      0      0      0     46      0      0      0      7     57      0    118      0      0      0      0      0      0    314    239     56     14      0      0     13      0      0 
     0      0      0     48      0      0      0      0      0      0      0      0      0      0      0    512      1      0      0   1123     85    185      0      4    300     20      0      0 
     0      0     84      0      0      0    126     20      0      0      0      0      0    699    599      0      6      0      0      0      0      0      0     19      0     13      0      0 
     0      0      0      0      0      0      0      0      0      0      0      0      0      0      0    456      0      0      0      0      0      0    250      0    299      0   3702      0 
     0     46      0      0      0      0     82      0    272      0      0      0      0    288      0      0      0      0      0      0      0     24     42      0      0      0      0      0 
     0      0      0    130      0     82      0      0      0      0      0      0      8    617      0      0      0     12      0      0    234      0     29      0      0      0      0      0 
     0      0      0     36      0      0      0      0      0      0     37      0      2      6    299      0      4      3      2    531      0      0      0      4    158      6      0      0 
     0      0      0      0      0    272      0      0      0      0      0   1297    507      0      0      0      0      0   1398      0      0    317      0      0      0      0      0      0 
     0      7      0      0      0      0      0      0      0      0      0      0      0      0      0      0      0     27     14      0     39      0      0      0      0      0      0      0 
     0     57      0      0      0      0      0     37      0      0      0      0     34    113      0      0      3    115      0      0      0      0      0      0      0      0      0      0 
     0      0      0      0      0      0      0      0   1297      0      0      0     54      0      0    501      0    630      0      0      0      0      0      0      0      0      0      0 
     0    118      0      0      0      0     13      0    127      0     34    450      0      0    663      0      0      0      0      0     71      0      0      0      0      0      0      0 
     0      0      0    699      0    288    617      6      0      0    113      0      0      0     26      0     40   1373      0      0      0      0     37      0      0      0      0      0 
     0      0      0    615      0      0      0    318      0      0      0      0    663     22      0      0      1   1381      0      0      0      0      0      0      0     42      0      0 
     0      0    512      0    456      0      0      0      0      0      0    501      0      0      0      0      5      0      0      0      0      0     38      0      0     23      0      0 
     0      0      5      6      0      0      0      0      0      0      3      0      0     40      1      5      0     28      0      0      0      0      0      0      0      2      0      0 
     0      0      0      0      0      0      2      0    380     27    115    234      0   1373   1410      0     28      0      0      0      0      0      0      0      0      0      0      0 
     0      0      9      0      0      0      0      0   1398     15      0      0      0      0      0      0      0      0      0    759      0      0      0     46    330      0      0      0 
     0    327   1110      0      0      0      0    531      0      0      0      0      0      0      0      0      0      0    767      0    887      0      0     56      0      0      0      0 
     0    239     60      0      0      0    234      0      0     38      0      0     90      0      0      0      0      0      0    894      0    127     24     26      0      0      0      0 
     0     56    185      0      0     24      0      0    317      0      0      0      0      0      0      0      0      0      0      0    127      0     27     11      0      0      0      0 
     0      1      0      0    250     42     38      0      0      0      0      0      0     41      0     38      0      0      0      0     24     27      0      0      0      0      0      0 
     0      0      0     19      0      0      0      7      0      0      0      0      0      0      0      0      0      0     46     57     26     11      0      0     21      0      0      0 
     0      0    300      0    131      0      0    158      0      0      0      0      0      0      0      0      0      0    330      0      0      0      0     21      0      0    168      0 
     0     13     13     13      0      0      0     11      0      0      0      0      0      0     44     23      2      0      0      0      0      0      0      0      0      0      0      0 
  3796      0      0      0   3870      0      0      0      0      0      0      0      0      0      0      0      0      0      0      0      0      0      0      0      0      0      0      0 
     0      0      0      0      0      0      0      0      0      0      0      0      0      0      0      0      0      0      0      0      0      0      0      0      0      0      0      0 
